Axel Toupane 24 3651 1390 1055 1290 2032 144
Bobby Portis 30 1510 250 1764 720 365 198
Brook Lopez 33 2174 1121 2987 1931 453 210
Bryn Forbes 30 1127 138 1318 484 286 204
Donte DiVincenzo 23 1068 1281 1806 980 371 202
Elijah Bryant 21 2005 235 2140 1253 220 161
Giannis Antetokounmpo 26 4391 303 6342 1080 202 265
Jeff Teague 25 2313 1019 1323 1191 169 216
Jrue Holiday 35 3899 231 3994 926 590 170
Khris Middleton 33 4524 750 5421 1700 269 219
Mamadi Diakite 27 1106 236 1709 787 491 230
P.J. Tucker 33 2982 1000 2983 473 248 214
Pat Connaughton 28 1195 545 4581 1019 154 232
Sam Merrill 23 1771 512 1086 1510 272 181
Thanasis Antetokounmpo 34 1074 100 2055 670 187 170